0,0.2,0,0,0,0,0.14846447414786954,0,0.1565515638792825,0,0.1619723979995714,0.14562184610201773,0.2,0,0,0,0.18826481789038507,0.1262568496218817,0.15396841694492058,0,0.14709440508911195,0,0,0,0,0,0,0.2,0,0,0,0.13305476731662708,0,0.1427744825426853,0.16047453724575525,0.15058661567245146,0,0,0.2,0,0.19370061515474146,0.1342277122373314,0,0.14666943275674346,0,0.14020236370255626,0,0,0,0.18826481789038507,0,0.19370061515474146,0,0.28,0,0,0.1878186693588711,0.18655057616301052,0,0,0,0.1262568496218817,0,0.1342277122373314,0.28,0,0.1585272891083832,0.15537120246342256,0,0,0,0,0.14846447414786954,0.15396841694492058,0,0,0,0.1585272891083832,0,0.28,0,0,0,0.1679054436656871,0,0,0.13305476731662708,0.14666943275674346,0,0.15537120246342256,0.28,0,0,0,0,0.1691461525034237,0.1565515638792825,0.14709440508911195,0,0,0.1878186693588711,0,0,0,0,0.28,0.18451032922421737,0,0,0,0.1427744825426853,0.14020236370255626,0.18655057616301052,0,0,0,0.28,0,0.17141110887092573,0,0.1619723979995714,0,0.16047453724575525,0,0,0,0,0,0.18451032922421737,0.17141110887092573,0,0.28,0.14562184610201773,0,0.15058661567245146,0,0,0,0.1679054436656871,0.1691461525034237,0,0,0.28,0,